&FCI
NORB=10,
NELEC=10,
MS2=0,
UHF=.FALSE.,
ORBSYM=4,4,6,6,6,8,8,2,2,2,
ISYM=1,
&END
  1.29830571732203525759E-01   1   1   1   1
 -2.31649598076082187392E-02   1   1   2   1
  1.04173762379033751913E-01   1   1   2   2
  1.04949767191308107606E-01   1   1   3   3
 -2.47804730767516370737E-02   1   1   4   3
  1.08523936181533539602E-01   1   1   4   4
 -1.54710396348638250458E-04   1   1   5   3
 -1.48545187839127547369E-02   1   1   5   4
  1.15554042274053817008E-01   1   1   5   5
  1.04990729217504547011E-01   1   1   6   6
 -2.30723254696846742651E-02   1   1   7   6
  1.30711558825608781254E-01   1   1   7   7
  1.16669676835979924112E-01   1   1   8   8
 -1.46116927485138489023E-02   1   1   9   8
  1.07578082638788624648E-01   1   1   9   9
 -1.54941616033581371081E-04   1   1  10   8
 -2.46987121515933293059E-02   1   1  10   9
  1.03954826565502755908E-01   1   1  10  10
 -2.31649598076082256781E-02   2   1   1   1
  2.57471695837302484711E-02   2   1   2   1
 -1.89101770718401885479E-03   2   1   2   2
 -2.81674541006727945092E-03   2   1   3   3
  2.08566060797210107991E-02   2   1   4   3
  7.89049081689162812997E-04   2   1   4   4
 -6.08627788381106617915E-03   2   1   5   3
  1.43916337856481481305E-02   2   1   5   4
 -1.15766491263033736298E-02   2   1   5   5
 -1.93450057090616459564E-03   2   1   6   6
  2.59237149507754553734E-02   2   1   7   6
 -2.38687414911383059823E-02   2   1   7   7
 -1.20460357747274437318E-02   2   1   8   8
  1.46319302151112721339E-02   2   1   9   8
  1.24598140133329727923E-03   2   1   9   9
 -5.63060737694372724638E-03   2   1  10   8
  2.03535633655051347024E-02   2   1  10   9
 -2.62400223192621375595E-03   2   1  10  10
  1.04173762379033724157E-01   2   2   1   1
 -1.89101770718402579369E-03   2   2   2   1
  1.04819006282600601931E-01   2   2   2   2
  1.01683773156562129447E-01   2   2   3   3
  2.73119525003896854339E-04   2   2   4   3
  1.02775305946405395852E-01   2   2   4   4
 -1.07925854570762517863E-03   2   2   5   3
 -1.72261198348187425863E-03   2   2   5   4
  1.04051046716547787585E-01   2   2   5   5
  1.04747038814896581416E-01   2   2   6   6
 -1.72195747880514123986E-03   2   2   7   6
  1.04195798009099990789E-01   2   2   7   7
  1.05451667696789777584E-01   2   2   8   8
 -1.77501364929508122399E-03   2   2   9   8
  1.02778994216208396928E-01   2   2   9   9
 -1.20306592696500899882E-03   2   2  10   8
  7.34614044961848586127E-05   2   2  10   9
  1.01341523219260473687E-01   2   2  10  10
  1.04949767191308121483E-01   3   3   1   1
 -2.81674541006727641515E-03   3   3   2   1
  1.01683773156562087814E-01   3   3   2   2
  1.05816690685800518512E-01   3   3   3   3
 -3.16559394585093573440E-03   3   3   4   3
  1.03053504191904704568E-01   3   3   4   4
 -7.79955183300957456682E-04   3   3   5   3
 -2.27731585337625748802E-03   3   3   5   4
  1.04307803166997586919E-01   3   3   5   5
  1.02377830910750061699E-01   3   3   6   6
 -2.53374937453670640713E-03   3   3   7   6
  1.05252935926613153117E-01   3   3   7   7
  1.04852000723428387396E-01   3   3   8   8
 -2.43210308789831809381E-03   3   3   9   8
  1.02531970758339543992E-01   3   3   9   9
 -1.00477622577704655757E-03   3   3  10   8
 -3.57962555793708142593E-03   3   3  10   9
  1.03761859407013198875E-01   3   3  10  10
 -2.47804730767516405432E-02   4   3   1   1
  2.08566060797210038602E-02   4   3   2   1
  2.73119525003895282245E-04   4   3   2   2
 -3.16559394585094787747E-03   4   3   3   3
  2.66783126000216218310E-02   4   3   4   3
 -6.00101640839640054076E-03   4   3   4   4
 -5.63625599043341839363E-04   4   3   5   3
  1.41715872271253717080E-02   4   3   5   4
 -1.41152054141048723807E-02   4   3   5   5
  1.11503409556454064627E-03   4   3   6   6
  2.09369430703625000745E-02   4   3   7   6
 -2.55590704958442438421E-02   4   3   7   7
 -1.45390658896998384297E-02   4   3   8   8
  1.44960640276310427643E-02   4   3   9   8
 -5.41201594827468105559E-03   4   3   9   9
 -9.98714347910150280346E-04   4   3  10   8
  2.51440005670753689848E-02   4   3  10   9
 -3.12424286932344889497E-03   4   3  10  10
  1.08523936181533567358E-01   4   4   1   1
  7.89049081689182870737E-04   4   4   2   1
  1.02775305946405381974E-01   4   4   2   2
  1.03053504191904690690E-01   4   4   3   3
 -6.00101640839639099978E-03   4   4   4   3
  1.11441130316220007868E-01   4   4   4   4
 -5.16956884172093452529E-03   4   4   5   3
 -2.44688307042710854675E-03   4   4   5   4
  1.06884363312856112138E-01   4   4   5   5
  1.03939089243878735047E-01   4   4   6   6
  2.13666787853826044968E-03   4   4   7   6
  1.08961419186724611796E-01   4   4   7   7
  1.07433831016837941230E-01   4   4   8   8
 -2.69107056251587616058E-03   4   4   9   8
  1.09681221867669348446E-01   4   4   9   9
 -5.95999130441842144695E-03   4   4  10   8
 -6.67591441689749810068E-03   4   4  10   9
  1.01865762360469375158E-01   4   4  10  10
 -1.54710396348637708357E-04   5   3   1   1
 -6.08627788381106964860E-03   5   3   2   1
 -1.07925854570763450277E-03   5   3   2   2
 -7.79955183300956155640E-04   5   3   3   3
 -5.63625599043341947783E-04   5   3   4   3
 -5.16956884172093886209E-03   5   3   4   4
  1.14156187342751742897E-02   5   3   5   3
 -3.13742453016800475207E-03   5   3   5   4
 -2.62335403667754733445E-03   5   3   5   5
 -1.19678235111906478005E-03   5   3   6   6
 -5.79721365708660112126E-03   5   3   7   6
 -1.74970451171681788292E-04   5   3   7   7
 -2.78857412362291468347E-03   5   3   8   8
 -2.99773884028149044736E-03   5   3   9   8
 -5.59191535104794704147E-03   5   3   9   9
  1.04697900283542630340E-02   5   3  10   8
 -3.37673179283472051342E-04   5   3  10   9
 -7.91883012767873408801E-04   5   3  10  10
 -1.48545187839127616758E-02   5   4   1   1
  1.43916337856481516000E-02   5   4   2   1
 -1.72261198348187534284E-03   5   4   2   2
 -2.27731585337624924809E-03   5   4   3   3
  1.41715872271253769121E-02   5   4   4   3
 -2.44688307042711158251E-03   5   4   4   4
 -3.13742453016800692048E-03   5   4   5   3
  1.17834175184776748790E-02   5   4   5   4
 -9.78187778574181494851E-03   5   4   5   5
 -1.72924076609838757966E-03   5   4   6   6
  1.41873855950251440139E-02   5   4   7   6
 -1.45294914756266269062E-02   5   4   7   7
 -1.02694912848806628458E-02   5   4   8   8
  1.08990760334691186989E-02   5   4   9   8
 -2.25894500227247652796E-03   5   4   9   9
 -3.24467797748505997271E-03   5   4  10   8
  1.40418386570994261492E-02   5   4  10   9
 -2.20969693477544339155E-03   5   4  10  10
  1.15554042274053789252E-01   5   5   1   1
 -1.15766491263033753645E-02   5   5   2   1
  1.04051046716547787585E-01   5   5   2   2
  1.04307803166997600797E-01   5   5   3   3
 -1.41152054141048758501E-02   5   5   4   3
  1.06884363312856084383E-01   5   5   4   4
 -2.62335403667755427334E-03   5   5   5   3
 -9.78187778574181321378E-03   5   5   5   4
  1.19809311830082032557E-01   5   5   5   5
  1.04289482111164150124E-01   5   5   6   6
 -1.11550242381241310197E-02   5   5   7   6
  1.15442201636807906251E-01   5   5   7   7
  1.21793831204382099753E-01   5   5   8   8
 -1.01943406005504423606E-02   5   5   9   8
  1.06737531169539129339E-01   5   5   9   9
 -2.69110365243538330812E-03   5   5  10   8
 -1.45839618181404593461E-02   5   5  10   9
  1.03875683295215875956E-01   5   5  10  10
  1.04990729217504519255E-01   6   6   1   1
 -1.93450057090617652186E-03   6   6   2   1
  1.04747038814896609171E-01   6   6   2   2
  1.02377830910750047821E-01   6   6   3   3
  1.11503409556452828637E-03   6   6   4   3
  1.03939089243878762803E-01   6   6   4   4
 -1.19678235111906629794E-03   6   6   5   3
 -1.72924076609838519442E-03   6   6   5   4
  1.04289482111164122369E-01   6   6   5   5
  1.06605428492704004673E-01   6   6   6   6
 -1.59712545911789042738E-03   6   6   7   6
  1.05317434287380273794E-01   6   6   7   7
  1.04801953399112371401E-01   6   6   8   8
 -1.88686053482947885089E-03   6   6   9   8
  1.03337285985880281136E-01   6   6   9   9
 -1.51627227230418846170E-03   6   6  10   8
 -4.58859950205337365544E-04   6   6  10   9
  1.01219877120877307930E-01   6   6  10  10
 -2.30723254696846603873E-02   7   6   1   1
  2.59237149507754449651E-02   7   6   2   1
 -1.72195747880513560200E-03   7   6   2   2
 -2.53374937453670814186E-03   7   6   3   3
  2.09369430703625070134E-02   7   6   4   3
  2.13666787853826608753E-03   7   6   4   4
 -5.79721365708660198862E-03   7   6   5   3
  1.41873855950251405444E-02   7   6   5   4
 -1.11550242381241240808E-02   7   6   5   5
 -1.59712545911790365465E-03   7   6   6   6
  2.71596392122798804825E-02   7   6   7   6
 -2.39669134842893441495E-02   7   6   7   7
 -1.14267588801506368018E-02   7   6   8   8
  1.45431148921450047878E-02   7   6   9   8
  1.59715672275501487445E-03   7   6   9   9
 -6.71881892962315156043E-03   7   6  10   8
  2.01847959008212042564E-02   7   6  10   9
 -2.48144652302999474749E-03   7   6  10  10
  1.30711558825608809009E-01   7   7   1   1
 -2.38687414911383163907E-02   7   7   2   1
  1.04195798009100004666E-01   7   7   2   2
  1.05252935926613153117E-01   7   7   3   3
 -2.55590704958442577199E-02   7   7   4   3
  1.08961419186724681185E-01   7   7   4   4
 -1.74970451171683306175E-04   7   7   5   3
 -1.45294914756266321104E-02   7   7   5   4
  1.15442201636807878495E-01   7   7   5   5
  1.05317434287380287672E-01   7   7   6   6
 -2.39669134842893510884E-02   7   7   7   6
  1.32397358380686613888E-01   7   7   7   7
  1.15988130207396761273E-01   7   7   8   8
 -1.54182194355151919868E-02   7   7   9   8
  1.07726865827630538530E-01   7   7   9   9
  5.62699682476150328221E-05   7   7  10   8
 -2.54045970363432106753E-02   7   7  10   9
  1.03943604431484357131E-01   7   7  10  10
  1.16669676835979896357E-01   8   8   1   1
 -1.20460357747274524054E-02   8   8   2   1
  1.05451667696789749828E-01   8   8   2   2
  1.04852000723428401274E-01   8   8   3   3
 -1.45390658896998557770E-02   8   8   4   3
  1.07433831016837941230E-01   8   8   4   4
 -2.78857412362290991298E-03   8   8   5   3
 -1.02694912848806715194E-02   8   8   5   4
  1.21793831204382044242E-01   8   8   5   5
  1.04801953399112371401E-01   8   8   6   6
 -1.14267588801506402713E-02   8   8   7   6
  1.15988130207396761273E-01   8   8   7   7
  1.25999426229800010058E-01   8   8   8   8
 -1.08906498853504653257E-02   8   8   9   8
  1.07999745583850656483E-01   8   8   9   9
 -3.04553428809036788247E-03   8   8  10   8
 -1.52433969517658546994E-02   8   8  10   9
  1.05458324984367329824E-01   8   8  10  10
 -1.46116927485138402287E-02   9   8   1   1
  1.46319302151112703991E-02   9   8   2   1
 -1.77501364929507233353E-03   9   8   2   2
 -2.43210308789831158860E-03   9   8   3   3
  1.44960640276310427643E-02   9   8   4   3
 -2.69107056251587572690E-03   9   8   4   4
 -2.99773884028148871264E-03   9   8   5   3
  1.08990760334691152295E-02   9   8   5   4
 -1.01943406005504406259E-02   9   8   5   5
 -1.88686053482947624881E-03   9   8   6   6
  1.45431148921450065226E-02   9   8   7   6
 -1.54182194355151971910E-02   9   8   7   7
 -1.08906498853504774688E-02   9   8   8   8
  1.28343286545926707487E-02   9   8   9   8
 -2.42200926276916897809E-03   9   8   9   9
 -3.67611334690299065842E-03   9   8  10   8
  1.45885142630853992946E-02   9   8  10   9
 -2.28865818486569463919E-03   9   8  10  10
  1.07578082638788652403E-01   9   9   1   1
  1.24598140133328144988E-03   9   9   2   1
  1.02778994216208383050E-01   9   9   2   2
  1.02531970758339543992E-01   9   9   3   3
 -5.41201594827468799448E-03   9   9   4   3
  1.09681221867669403958E-01   9   9   4   4
 -5.59191535104794270467E-03   9   9   5   3
 -2.25894500227247392588E-03   9   9   5   4
  1.06737531169539129339E-01   9   9   5   5
  1.03337285985880239503E-01   9   9   6   6
  1.59715672275502615016E-03   9   9   7   6
  1.07726865827630580164E-01   9   9   7   7
  1.07999745583850642605E-01   9   9   8   8
 -2.42200926276916464128E-03   9   9   9   8
  1.09413408833225922479E-01   9   9   9   9
 -4.85944322186498793570E-03   9   9  10   8
 -6.01139548873002877577E-03   9   9  10   9
  1.01971547123359387865E-01   9   9  10  10
 -1.54941616033580042934E-04  10   8   1   1
 -5.63060737694372898110E-03  10   8   2   1
 -1.20306592696500574621E-03  10   8   2   2
 -1.00477622577704352180E-03  10   8   3   3
 -9.98714347910151364549E-04  10   8   4   3
 -5.95999130441841450806E-03  10   8   4   4
  1.04697900283542630340E-02  10   8   5   3
 -3.24467797748506084007E-03  10   8   5   4
 -2.69110365243537506819E-03  10   8   5   5
 -1.51627227230417675231E-03  10   8   6   6
 -6.71881892962314982570E-03  10   8   7   6
  5.62699682476229678268E-05  10   8   7   7
 -3.04553428809036701511E-03  10   8   8   8
 -3.67611334690299109210E-03  10   8   9   8
 -4.85944322186497058846E-03  10   8   9   9
  1.23659600117182136986E-02  10   8  10   8
 -6.82630849817582666117E-04  10   8  10   9
 -8.48191079499371696458E-04  10   8  10  10
 -2.46987121515933397142E-02  10   9   1   1
  2.03535633655051381719E-02  10   9   2   1
  7.34614044962072202825E-05  10   9   2   2
 -3.57962555793707535440E-03  10   9   3   3
  2.51440005670753620459E-02  10   9   4   3
 -6.67591441689750677430E-03  10   9   4   4
 -3.37673179283472864494E-04  10   9   5   3
  1.40418386570994261492E-02  10   9   5   4
 -1.45839618181404766933E-02  10   9   5   5
 -4.58859950205342515504E-04  10   9   6   6
  2.01847959008212007870E-02  10   9   7   6
 -2.54045970363431898587E-02  10   9   7   7
 -1.52433969517658338827E-02  10   9   8   8
  1.45885142630853940904E-02  10   9   9   8
 -6.01139548873002183688E-03  10   9   9   9
 -6.82630849817578654569E-04  10   9  10   8
  2.51746225192853306796E-02  10   9  10   9
 -3.33680845263330206826E-03  10   9  10  10
  1.03954826565502728153E-01  10  10   1   1
 -2.62400223192621939380E-03  10  10   2   1
  1.01341523219260473687E-01  10  10   2   2
  1.03761859407013171119E-01  10  10   3   3
 -3.12424286932342634357E-03  10  10   4   3
  1.01865762360469333525E-01  10  10   4   4
 -7.91883012767859205752E-04  10  10   5   3
 -2.20969693477543992211E-03  10  10   5   4
  1.03875683295215848201E-01  10  10   5   5
  1.01219877120877294052E-01  10  10   6   6
 -2.48144652302999127805E-03  10  10   7   6
  1.03943604431484371009E-01  10  10   7   7
  1.05458324984367329824E-01  10  10   8   8
 -2.28865818486569810863E-03  10  10   9   8
  1.01971547123359387865E-01  10  10   9   9
 -8.48191079499371479618E-04  10  10  10   8
 -3.33680845263331334397E-03  10  10  10   9
  1.03954921141688833020E-01  10  10  10  10
  1.07712907044916102184E-02   3   1   3   1
  1.75838584941464859445E-04   3   1   3   2
 -6.73735599903145868095E-03   3   1   4   1
  5.63278923077325209545E-03   3   1   4   2
 -8.41054112231999099819E-05   3   1   5   1
 -2.15765068837660495618E-03   3   1   5   2
 -1.83155809401103620952E-03   3   1   8   6
 -1.27211813137409224814E-04   3   1   8   7
  5.58965730291371021982E-03   3   1   9   6
 -6.58367826904491301038E-03   3   1   9   7
  2.14651396451023216555E-04   3   1  10   6
  1.03050175169758315846E-02   3   1  10   7
  1.75838584941465374441E-04   3   2   3   1
  9.11971522846992919964E-03   3   2   3   2
  4.70305343611374018081E-03   3   2   4   1
  4.31707841157932641074E-03   3   2   4   2
 -1.14621731302580508530E-03   3   2   5   1
  2.25590527420269852232E-05   3   2   5   2
  7.97108203145102423319E-05   3   2   8   6
 -5.15853660272139408552E-04   3   2   8   7
  4.71048902760323913441E-03   3   2   9   6
  4.37819418485185015560E-03   3   2   9   7
  8.59609480459727799684E-03   3   2  10   6
  1.02287069925735739037E-04   3   2  10   7
 -6.73735599903145954831E-03   4   1   3   1
  4.70305343611374104817E-03   4   1   3   2
  1.46618520000848899520E-02   4   1   4   1
  4.81471657540786125012E-03   4   1   4   2
 -1.91203491028616150843E-03   4   1   5   1
  3.87752787371178605016E-03   4   1   5   2
  4.09328405309360762038E-03   4   1   8   6
 -1.43234718042426693689E-03   4   1   8   7
  5.33496771183748514505E-03   4   1   9   6
  1.42748072355987892096E-02   4   1   9   7
  4.14459535180392978776E-03   4   1  10   6
 -6.95268030684513885231E-03   4   1  10   7
  5.63278923077325122809E-03   4   2   3   1
  4.31707841157932641074E-03   4   2   3   2
  4.81471657540786558693E-03   4   2   4   1
  1.07757520228973623783E-02   4   2   4   2
 -8.13359370972614758623E-04   4   2   5   1
  1.65297551756580596381E-04   4   2   5   2
  1.28264031034262837062E-04   4   2   8   6
 -1.52128088966927538760E-03   4   2   8   7
  1.05418312035680406674E-02   4   2   9   6
  5.13808390928346698373E-03   4   2   9   7
  4.49056119471790641390E-03   4   2  10   6
  5.29162186298462022122E-03   4   2  10   7
 -8.41054112231990832777E-05   5   1   3   1
 -1.14621731302580465162E-03   5   1   3   2
 -1.91203491028616259263E-03   5   1   4   1
 -8.13359370972614758623E-04   5   1   4   2
  1.98351280149000738437E-03   5   1   5   1
 -6.17960445044971333657E-04   5   1   5   2
 -5.50557943684991391020E-04   5   1   8   6
  6.29486472470652401630E-04   5   1   8   7
 -1.53908993010319281036E-03   5   1   9   6
 -1.23836170377751141752E-03   5   1   9   7
 -4.29038928230126139027E-04   5   1  10   6
 -1.43893572485527949630E-04   5   1  10   7
 -2.15765068837660495618E-03   5   2   3   1
  2.25590527420271580179E-05   5   2   3   2
  3.87752787371178648385E-03   5   2   4   1
  1.65297551756579349548E-04   5   2   4   2
 -6.17960445044970899976E-04   5   2   5   1
  3.64022346327936381291E-03   5   2   5   2
  3.08472578045995487681E-03   5   2   8   6
 -5.55916796592631642059E-04   5   2   8   7
  2.21782375384525803257E-04   5   2   9   6
  3.73200084975695020942E-03   5   2   9   7
 -1.32534935596734812589E-05   5   2  10   6
 -1.80356036930484587774E-03   5   2  10   7
 -1.83155809401103664320E-03   8   6   3   1
  7.97108203145103100945E-05   8   6   3   2
  4.09328405309360415093E-03   8   6   4   1
  1.28264031034263324953E-04   8   6   4   2
 -5.50557943684991716281E-04   8   6   5   1
  3.08472578045995487681E-03   8   6   5   2
  4.23154148132488024808E-03   8   6   8   6
 -7.25548840737236353134E-04   8   6   8   7
  2.10375844777476410504E-04   8   6   9   6
  4.18825292279066240669E-03   8   6   9   7
 -2.10951198835585014134E-06   8   6  10   6
 -2.52303251822529051029E-03   8   6  10   7
 -1.27211813137409197709E-04   8   7   3   1
 -5.15853660272139625392E-04   8   7   3   2
 -1.43234718042426672005E-03   8   7   4   1
 -1.52128088966927560444E-03   8   7   4   2
  6.29486472470651967949E-04   8   7   5   1
 -5.55916796592630991537E-04   8   7   5   2
 -7.25548840737235702612E-04   8   7   8   6
  1.81677473703271475693E-03   8   7   8   7
 -9.22521643491961687231E-04   8   7   9   6
 -2.01381945897321926534E-03   8   7   9   7
 -1.10948972621340838027E-03   8   7  10   6
  3.62622082872857067100E-05   8   7  10   7
  5.58965730291371108718E-03   9   6   3   1
  4.71048902760323653233E-03   9   6   3   2
  5.33496771183748601242E-03   9   6   4   1
  1.05418312035680337285E-02   9   6   4   2
 -1.53908993010319194300E-03   9   6   5   1
  2.21782375384525342471E-04   9   6   5   2
  2.10375844777477792862E-04   9   6   8   6
 -9.22521643491961795651E-04   9   6   8   7
  1.10235751829001835805E-02   9   6   9   6
  5.01046273447041529137E-03   9   6   9   7
  4.17894414875118018482E-03   9   6  10   6
  5.25436410454271050907E-03   9   6  10   7
 -6.58367826904491127565E-03   9   7   3   1
  4.37819418485184842088E-03   9   7   3   2
  1.42748072355987857401E-02   9   7   4   1
  5.13808390928346524901E-03   9   7   4   2
 -1.23836170377751055016E-03   9   7   5   1
  3.73200084975694977574E-03   9   7   5   2
  4.18825292279066240669E-03   9   7   8   6
 -2.01381945897322100006E-03   9   7   8   7
  5.01046273447041789345E-03   9   7   9   6
  1.45247416401754481097E-02   9   7   9   7
  4.45987091807223835077E-03   9   7  10   6
 -6.99554292701254874787E-03   9   7  10   7
  2.14651396451020126579E-04  10   6   3   1
  8.59609480459727799684E-03  10   6   3   2
  4.14459535180392978776E-03  10   6   4   1
  4.49056119471790641390E-03  10   6   4   2
 -4.29038928230126193238E-04  10   6   5   1
 -1.32534935596752380052E-05  10   6   5   2
 -2.10951198835579211959E-06  10   6   8   6
 -1.10948972621340816343E-03  10   6   8   7
  4.17894414875117931746E-03  10   6   9   6
  4.45987091807223574869E-03  10   6   9   7
  8.78328131863251662659E-03  10   6  10   6
  1.29349733723938361456E-04  10   6  10   7
  1.03050175169758315846E-02  10   7   3   1
  1.02287069925734072076E-04  10   7   3   2
 -6.95268030684513711759E-03  10   7   4   1
  5.29162186298462108858E-03  10   7   4   2
 -1.43893572485527244898E-04  10   7   5   1
 -1.80356036930484652826E-03  10   7   5   2
 -2.52303251822529051029E-03  10   7   8   6
  3.62622082872858490115E-05  10   7   8   7
  5.25436410454270877435E-03  10   7   9   6
 -6.99554292701254614578E-03  10   7   9   7
  1.29349733723936897783E-04  10   7  10   6
  1.05728229073963325008E-02  10   7  10   7
  1.20912267369503671072E-02   6   1   6   1
  4.39818114834282297351E-04   6   1   6   2
 -8.12242641976370152723E-03   6   1   7   1
  1.17201469165218348512E-02   6   1   7   2
  3.79517828307288952738E-03   6   1   8   3
 -2.03095933239927752337E-03   6   1   8   4
  5.86268121265798216463E-04   6   1   8   5
  4.32960657542167792061E-03   6   1   9   3
  6.60952914426350766203E-03   6   1   9   4
 -2.43927198418061874641E-03   6   1   9   5
  3.06274194521818563224E-04   6   1  10   3
  3.84451051631235982131E-03   6   1  10   4
  3.54215278584420678251E-03   6   1  10   5
  4.39818114834282297351E-04   6   2   6   1
  1.38031404645358249383E-02   6   2   6   2
  1.11605089952005517157E-02   6   2   7   1
  3.07273012167790643672E-04   6   2   7   2
  1.34370608403464926071E-04   6   2   8   3
  1.65824567447928940007E-04   6   2   8   4
 -5.15464077543128975506E-03   6   2   8   5
  5.69465598718380417581E-03   6   2   9   3
  9.61620434879121091520E-03   6   2   9   4
  1.67415741583233645701E-04   6   2   9   5
  8.08689829934147556834E-03   6   2  10   3
  5.31814552551039803480E-03   6   2  10   4
  8.76207739907395330523E-05   6   2  10   5
 -8.12242641976370499668E-03   7   1   6   1
  1.11605089952005499809E-02   7   1   6   2
  2.85965658365899995375E-02   7   1   7   1
 -8.50184852800697429820E-03   7   1   7   2
 -1.12611476179423522330E-03   7   1   8   3
  4.84409259458274277926E-03   7   1   8   4
 -1.24765798431155060244E-02   7   1   8   5
 -6.37745191025883284563E-03   7   1   9   3
  1.31870289282082411159E-02   7   1   9   4
  4.63456454012245704782E-03   7   1   9   5
  1.03038268302023880429E-02   7   1  10   3
 -6.76971825416951972221E-03   7   1  10   4
 -1.15998738639049871722E-03   7   1  10   5
  1.17201469165218348512E-02   7   2   6   1
  3.07273012167791239983E-04   7   2   6   2
 -8.50184852800697429820E-03   7   2   7   1
  1.20272706427938889245E-02   7   2   7   2
  3.92765941942447953383E-03   7   2   8   3
 -2.67805773408387936749E-03   7   2   8   4
  8.17945849895870629419E-04   7   2   8   5
  4.09343894398705651638E-03   7   2   9   3
  6.30485076495384839240E-03   7   2   9   4
 -1.97343811488373240340E-03   7   2   9   5
  1.80407488124442147740E-04   7   2  10   3
  4.25322855283743941207E-03   7   2  10   4
  3.34695182397861399140E-03   7   2  10   5
  3.79517828307288866002E-03   8   3   6   1
  1.34370608403464736336E-04   8   3   6   2
 -1.12611476179423392226E-03   8   3   7   1
  3.92765941942447866647E-03   8   3   7   2
  4.61455599882770652748E-03   8   3   8   3
 -1.10358778123877294963E-03   8   3   8   4
 -5.24973863975668111198E-04   8   3   8   5
  2.29709389117561393282E-04   8   3   9   3
  3.60746539313454078410E-03   8   3   9   4
 -8.54586132432492658929E-04   8   3   9   5
  2.16286689102425277640E-05   8   3  10   3
  1.29243331615843477702E-04   8   3  10   4
  3.33241999688086831116E-03   8   3  10   5
 -2.03095933239927839073E-03   8   4   6   1
  1.65824567447929400793E-04   8   4   6   2
  4.84409259458274191190E-03   8   4   7   1
 -2.67805773408387806644E-03   8   4   7   2
 -1.10358778123877273279E-03   8   4   8   3
  3.59359294395572874056E-03   8   4   8   4
 -2.64755413079995277972E-03   8   4   8   5
 -1.28631535057640786213E-03   8   4   9   3
  3.77452847276779840987E-04   8   4   9   4
  2.49472595395919564606E-03   8   4   9   5
  2.68376788360470621038E-04   8   4  10   3
 -1.92997751339036367930E-03   8   4  10   4
 -8.80382899300789193049E-04   8   4  10   5
  5.86268121265795397537E-04   8   5   6   1
 -5.15464077543129235714E-03   8   5   6   2
 -1.24765798431155060244E-02   8   5   7   1
  8.17945849895869870477E-04   8   5   7   2
 -5.24973863975668544879E-04   8   5   8   3
 -2.64755413079995451445E-03   8   5   8   4
  1.68078751618952575153E-02   8   5   8   5
  5.57897588508913817168E-04   8   5   9   3
 -7.38812447725745256172E-03   8   5   9   4
 -2.43535711842883485431E-03   8   5   9   5
 -4.04962232572253152951E-03   8   5  10   3
  8.31312070293091834837E-04   8   5  10   4
 -3.81170383581189717651E-04   8   5  10   5
  4.32960657542167792061E-03   9   3   6   1
  5.69465598718380244109E-03   9   3   6   2
 -6.37745191025883197827E-03   9   3   7   1
  4.09343894398705651638E-03   9   3   7   2
  2.29709389117560444605E-04   9   3   8   3
 -1.28631535057640786213E-03   9   3   8   4
  5.57897588508914467689E-04   9   3   8   5
  9.62821019036674830005E-03   9   3   9   3
 -4.88740476963802966334E-04   9   3   9   4
 -1.82482320507400892946E-03   9   3   9   5
  4.65845050236166785020E-04   9   3  10   3
  9.13984710172049096000E-03   9   3  10   4
  2.67858773938521609916E-04   9   3  10   5
  6.60952914426351113147E-03   9   4   6   1
  9.61620434879120571103E-03   9   4   6   2
  1.31870289282082463200E-02   9   4   7   1
  6.30485076495384839240E-03   9   4   7   2
  3.60746539313453688097E-03   9   4   8   3
  3.77452847276780220458E-04   9   4   8   4
 -7.38812447725745169436E-03   9   4   8   5
 -4.88740476963804701058E-04   9   4   9   3
  1.77239183706464041579E-02   9   4   9   4
  4.36104874286646264445E-04   9   4   9   5
  8.80170879684296150747E-03   9   4  10   3
 -9.50139721632170162167E-04   9   4  10   4
  3.09751379976770874550E-03   9   4  10   5
 -2.43927198418061874641E-03   9   5   6   1
  1.67415741583233835437E-04   9   5   6   2
  4.63456454012245704782E-03   9   5   7   1
 -1.97343811488373196972E-03   9   5   7   2
 -8.54586132432492333669E-04   9   5   8   3
  2.49472595395919651343E-03   9   5   8   4
 -2.43535711842883442063E-03   9   5   8   5
 -1.82482320507400871262E-03   9   5   9   3
  4.36104874286647944959E-04   9   5   9   4
  3.36292196337156486588E-03   9   5   9   5
  2.58907979905304637576E-04   9   5  10   3
 -1.32662595867369891532E-03   9   5  10   4
 -9.47378723618959371448E-04   9   5  10   5
  3.06274194521819701637E-04  10   3   6   1
  8.08689829934147556834E-03  10   3   6   2
  1.03038268302023880429E-02  10   3   7   1
  1.80407488124442798262E-04  10   3   7   2
  2.16286689102423143117E-05  10   3   8   3
  2.68376788360469319995E-04  10   3   8   4
 -4.04962232572253239687E-03  10   3   8   5
  4.65845050236165050296E-04  10   3   9   3
  8.80170879684296324219E-03  10   3   9   4
  2.58907979905303878634E-04  10   3   9   5
  1.18073643922205311074E-02  10   3  10   3
  2.91212456752050030499E-04  10   3  10   4
 -7.98487124484559149468E-05  10   3  10   5
  3.84451051631235852027E-03  10   4   6   1
  5.31814552551039976952E-03  10   4   6   2
 -6.76971825416952058957E-03  10   4   7   1
  4.25322855283743680999E-03  10   4   7   2
  1.29243331615844426379E-04  10   4   8   3
 -1.92997751339036367930E-03  10   4   8   4
  8.31312070293090642215E-04  10   4   8   5
  9.13984710172049442944E-03  10   4   9   3
 -9.50139721632172438992E-04  10   4   9   4
 -1.32662595867369848164E-03  10   4   9   5
  2.91212456752050247340E-04  10   4  10   3
  9.38267407792255092591E-03  10   4  10   4
  1.84230722399553767214E-04  10   4  10   5
  3.54215278584420678251E-03  10   5   6   1
  8.76207739907401158110E-05  10   5   6   2
 -1.15998738639049850038E-03  10   5   7   1
  3.34695182397861355772E-03  10   5   7   2
  3.33241999688086874484E-03  10   5   8   3
 -8.80382899300789626730E-04  10   5   8   4
 -3.81170383581191289744E-04  10   5   8   5
  2.67858773938520200453E-04  10   5   9   3
  3.09751379976770744445E-03  10   5   9   4
 -9.47378723618959263028E-04  10   5   9   5
 -7.98487124484563621802E-05  10   5  10   3
  1.84230722399554092475E-04  10   5  10   4
  3.66445661834941330270E-03  10   5  10   5
  3.47315680371219070999E-02   6   3   6   3
  3.12820678952966252373E-02   6   3   6   4
 -3.38404429719218156902E-04   6   3   6   5
 -5.37202322420152179015E-04   6   3   7   3
  2.86756707618832686058E-02   6   3   7   4
  1.36178901336841077369E-02   6   3   7   5
  1.39149759196393121852E-02   6   3   8   1
 -6.40199221069887264117E-04   6   3   8   2
  2.86992243146065376114E-02   6   3   9   1
  3.09704847524254894831E-02   6   3   9   2
 -7.87763825097599753797E-04   6   3  10   1
  3.31485399014336962198E-02   6   3  10   2
  3.12820678952966460540E-02   6   4   6   3
  3.63129292688588248272E-02   6   4   6   4
 -9.10586058099092932050E-04   6   4   6   5
  2.74730319343202558993E-03   6   4   7   3
  3.01193835245193199113E-02   6   4   7   4
  1.40799970191517829360E-02   6   4   7   5
  1.44138759771913552155E-02   6   4   8   1
 -1.30102048100910056005E-03   6   4   8   2
  3.00755679191373262449E-02   6   4   9   1
  3.48630420329620951958E-02   6   4   9   2
  1.46067603008957075383E-03   6   4  10   1
  3.05092779994080194605E-02   6   4  10   2
 -3.38404429719217506381E-04   6   5   6   3
 -9.10586058099092064688E-04   6   5   6   4
  1.19434420889066739840E-02   6   5   6   5
  1.18704778181246955321E-02   6   5   7   3
 -8.54064318556028469198E-03   6   5   7   4
 -2.97033451255471767430E-03   6   5   7   5
 -2.86350491737828944175E-03   6   5   8   1
  1.11137261626798340003E-02   6   5   8   2
 -8.87488342500239620059E-03   6   5   9   1
 -7.09121638497053679781E-04   6   5   9   2
  1.19533077287861996124E-02   6   5  10   1
 -2.76138266534071768425E-04   6   5  10   2
 -5.37202322420153913739E-04   7   3   6   3
  2.74730319343202862570E-03   7   3   6   4
  1.18704778181246937974E-02   7   3   6   5
  2.09028277189793193491E-02   7   3   7   3
 -1.44535661623791736319E-02   7   3   7   4
 -3.19104613495547117727E-03   7   3   7   5
 -3.17492020351840733422E-03   7   3   8   1
  1.21435808241468420898E-02   7   3   8   2
 -1.35220317193732331856E-02   7   3   9   1
  2.21285333214823760201E-03   7   3   9   2
  1.94216944979201285026E-02   7   3  10   1
 -5.36361257898903794408E-04   7   3  10   2
  2.86756707618832755446E-02   7   4   6   3
  3.01193835245193129724E-02   7   4   6   4
 -8.54064318556028642671E-03   7   4   6   5
 -1.44535661623791701624E-02   7   4   7   3
  3.93176327664785246752E-02   7   4   7   4
  1.47893203555155491880E-02   7   4   7   5
  1.51376590936536745829E-02   7   4   8   1
 -9.47205186302274744492E-03   7   4   8   2
  3.81483178948953879916E-02   7   4   9   1
  2.93566748137600655455E-02   7   4   9   2
 -1.40984346443598813903E-02   7   4  10   1
  2.79626663692226426483E-02   7   4  10   2
  1.36178901336841060021E-02   7   5   6   3
  1.40799970191517794665E-02   7   5   6   4
 -2.97033451255471940902E-03   7   5   6   5
 -3.19104613495547204463E-03   7   5   7   3
  1.47893203555155422491E-02   7   5   7   4
  8.21947206953665444884E-03   7   5   7   5
  6.90857906153734182414E-03   7   5   8   1
 -3.00933573043312601117E-03   7   5   8   2
  1.49952807296987837560E-02   7   5   9   1
  1.40112950136580694666E-02   7   5   9   2
 -3.34014724810638907390E-03   7   5  10   1
  1.34847790143242784316E-02   7   5  10   2
  1.39149759196393173893E-02   8   1   6   3
  1.44138759771913604196E-02   8   1   6   4
 -2.86350491737828814071E-03   8   1   6   5
 -3.17492020351840690054E-03   8   1   7   3
  1.51376590936536745829E-02   8   1   7   4
  6.90857906153734269150E-03   8   1   7   5
  8.75683968750467882358E-03   8   1   8   1
 -3.33835513772963053333E-03   8   1   8   2
  1.51819900840723075175E-02   8   1   9   1
  1.44735737912749795608E-02   8   1   9   2
 -3.32828894638119085481E-03   8   1  10   1
  1.39977281656110709440E-02   8   1  10   2
 -6.40199221069888890420E-04   8   2   6   3
 -1.30102048100910056005E-03   8   2   6   4
  1.11137261626798340003E-02   8   2   6   5
  1.21435808241468420898E-02   8   2   7   3
 -9.47205186302275438381E-03   8   2   7   4
 -3.00933573043312514381E-03   8   2   7   5
 -3.33835513772963183438E-03   8   2   8   1
  1.30514207187923114706E-02   8   2   8   2
 -8.47975890586447934860E-03   8   2   9   1
 -9.62232445607008038055E-04   8   2   9   2
  1.20920379330456250616E-02   8   2  10   1
 -4.36455429285613168752E-04   8   2  10   2
  2.86992243146065410808E-02   9   1   6   3
  3.00755679191373227754E-02   9   1   6   4
 -8.87488342500239273114E-03   9   1   6   5
 -1.35220317193732331856E-02   9   1   7   3
  3.81483178948953741139E-02   9   1   7   4
  1.49952807296987750824E-02   9   1   7   5
  1.51819900840723040480E-02   9   1   8   1
 -8.47975890586448802222E-03   9   1   8   2
  3.79466054373956765411E-02   9   1   9   1
  2.95603571140419935093E-02   9   1   9   2
 -1.34424297814252757116E-02   9   1  10   1
  2.82395838524983969209E-02   9   1  10   2
  3.09704847524254651969E-02   9   2   6   3
  3.48630420329620951958E-02   9   2   6   4
 -7.09121638497053571361E-04   9   2   6   5
  2.21285333214824063777E-03   9   2   7   3
  2.93566748137600586066E-02   9   2   7   4
  1.40112950136580764054E-02   9   2   7   5
  1.44735737912749760914E-02   9   2   8   1
 -9.62232445607013025385E-04   9   2   8   2
  2.95603571140419900398E-02   9   2   9   1
  3.48946786234415190497E-02   9   2   9   2
  1.96677277563722706713E-03   9   2  10   1
  3.06525507064855096129E-02   9   2  10   2
 -7.87763825097599211696E-04  10   1   6   3
  1.46067603008957357276E-03  10   1   6   4
  1.19533077287861996124E-02  10   1   6   5
  1.94216944979201354415E-02  10   1   7   3
 -1.40984346443598848597E-02  10   1   7   4
 -3.34014724810638690550E-03  10   1   7   5
 -3.32828894638119042113E-03  10   1   8   1
  1.20920379330456198574E-02  10   1   8   2
 -1.34424297814252722422E-02  10   1   9   1
  1.96677277563723443971E-03  10   1   9   2
  1.90989452407803218803E-02  10   1  10   1
 -6.54190281961976468315E-04  10   1  10   2
  3.31485399014337100976E-02  10   2   6   3
  3.05092779994080263994E-02  10   2   6   4
 -2.76138266534074478930E-04  10   2   6   5
 -5.36361257898906830174E-04  10   2   7   3
  2.79626663692226253011E-02  10   2   7   4
  1.34847790143242766969E-02  10   2   7   5
  1.39977281656110674746E-02  10   2   8   1
 -4.36455429285613222962E-04  10   2   8   2
  2.82395838524984003903E-02  10   2   9   1
  3.06525507064855304296E-02  10   2   9   2
 -6.54190281961980371443E-04  10   2  10   1
  3.33555826624224310839E-02  10   2  10   2
 -1.08430440284278550855E+00   1   1   0   0
  7.33444796625276479451E-02   2   1   0   0
 -9.11169552439601515559E-01   2   2   0   0
 -1.14793364869147374030E+00   3   3   0   0
  1.02860270438209208677E-01   4   3   0   0
 -1.06985326531369184799E+00   4   4   0   0
  2.95606979151605137046E-02   5   3   0   0
  7.07293913155953163363E-02   5   4   0   0
 -9.48027543743881095928E-01   5   5   0   0
 -1.09659495001990081597E+00   6   6   0   0
  7.80701981502267272628E-02   7   6   0   0
 -1.08576514349384312119E+00   7   7   0   0
 -1.26749051906921295085E+00   8   8   0   0
  5.45518918984490841506E-02   9   8   0   0
 -9.75317906275282919815E-01   9   9   0   0
  1.80219274970979427553E-02  10   8   0   0
  9.57494271841833749503E-02  10   9   0   0
 -8.69403016736142730814E-01  10  10   0   0
 -2.74460187973162052233E-02   1   0   0   0
  6.78036832238236714110E-02   2   0   0   0
 -2.97921196055304038364E-01   3   0   0   0
 -2.17490945508392263807E-01   4   0   0   0
  9.72880776762970467253E-02   5   0   0   0
 -2.59503608960820364437E-01   6   0   0   0
 -1.71477407724565822367E-01   7   0   0   0
 -2.89532984529830283993E-01   8   0   0   0
  2.15466970489279555090E-02   9   0   0   0
  1.10224776132537380380E-01  10   0   0   0
 -1.59751981699356110767E+03   0   0   0   0
